	assault	battery	burglary	criminal_damage	deceptive_practice	motor_vehicle_theft	narcotics	other_offense	robbery	theft	Auburn Gresham	Austin	Avalon Park	Avondale	Bridgeport	Brighton Park	Chatham	Chicago Lawn	Douglas	Edgewater	Englewood	Garfield Ridge	Grand Boulevard	Greater Grand Crossing	Humboldt Park	Hyde Park	Jefferson Park	Kenwood	Lakeview	Lincoln Park	Logan Square	Lower West Side	McKinley Park	Near North Side	New City	North Lawndale	Norwood Park	Rogers Park	Roseland	South Shore	Uptown	Washington Park	West Englewood	West Garfield Park	Woodlawn
39	1.3775196271084738	1.419499019019086	2.113039581990773	1.5086141681894587	0.20626691441120712	1.3549233489549795	0.8309993780047532	1.6947490659563615	1.4193676626248952	0.1965086976386811	0	0	0	0	0	0	0	0	0	0	0	0	0	0	0	0	0	0	0	0	0	0	0	0	0	0	0	0	1	0	0	0	0	0	0
5	-0.9539607358756503	-0.9032972048152951	-0.7490718090271414	-0.8425619003222758	-0.6982818824384579	-0.5947497068129307	-0.5656110079479998	-1.056557853811049	-0.7721995635188583	-0.6902309545854145	0	1	0	0	0	0	0	0	0	0	0	0	0	0	0	0	0	0	0	0	0	0	0	0	0	0	0	0	0	0	0	0	0	0	0
34	-0.26345671313514535	-0.12992292772476213	0.10460722105010602	0.026164514378245678	-0.46003883744379237	0.5585780163173824	-0.15909440142876383	-0.1568283725710582	-0.2750920012963491	-0.5063113152034459	0	0	0	0	0	0	0	0	0	0	0	0	0	0	1	0	0	0	0	0	0	0	0	0	0	0	0	0	0	0	0	0	0	0	0
40	-0.9174945949813477	-0.9724234982243748	-0.746531097628102	-0.9564165291788971	-0.5258946384992284	-1.0084831439993605	-0.6265884989258852	-0.886487037235197	-0.8613816510936607	-0.6549466112987059	0	0	0	0	0	0	0	0	0	0	0	0	0	0	0	0	0	0	0	0	0	0	0	0	0	0	0	0	1	0	0	0	0	0	0
33	0.47762937600713423	0.0816569979582775	-0.6385508631689264	-0.24989396928780874	4.186669007614765	-0.6661461849114739	-0.32937969104848824	0.15588248371357272	0.5936075924878366	3.514560129462541	0	0	0	0	0	0	0	0	0	0	0	0	0	0	1	0	0	0	0	0	0	0	0	0	0	0	0	0	0	0	0	0	0	0	0
2	0.13767083670218375	0.07592829960945874	-0.3768575890678654	-0.10328663897928266	0.39318117328913577	0.1521672948333673	0.2731682568366905	0.14216709528003627	-0.11489454768975974	0.18658497608929428	0	1	0	0	0	0	0	0	0	0	0	0	0	0	0	0	0	0	0	0	0	0	0	0	0	0	0	0	0	0	0	0	0	0	0
49	-0.8786757998357997	-0.8895483287781301	-1.1339895859816147	-1.0242614107578427	-0.2489128870013652	-0.7357119840844134	-0.37680662847573243	1.2723151022034391	-1.0397458262432653	-0.41258727834812614	0	0	0	0	0	0	0	0	0	0	1	0	0	0	0	0	0	0	0	0	0	0	0	0	0	0	0	0	0	0	0	0	0	0	0
46	0.5811461630619288	0.5479730435521247	0.6114791451584717	0.284286994868257	-0.31089481740648145	-0.2597354634274588	0.25781096281263044	0.8827980706910041	0.4829557430894707	-0.23991452338879593	0	0	0	0	0	0	0	0	0	0	0	1	0	0	0	0	0	0	0	0	0	0	0	0	0	0	0	0	0	0	0	0	0	0	0
52	1.1693097258732619	1.0543899775877035	0.6699155073363785	0.8153486541241414	-0.17240394165754988	0.52745647458212	0.7207882091262048	0.8155926673666756	0.5820469515059177	0.11711892524358673	0	0	0	0	0	0	0	0	0	0	0	0	0	0	0	0	0	0	0	0	0	0	0	0	0	0	0	0	0	0	0	0	0	1	0
31	2.1703641097781508	2.6652999532755395	1.1577320959519486	1.9219220674634951	0.06390216801195577	1.190162245650649	3.6305437415672253	2.0225468495178824	2.2533853334633243	0.22539775370467374	1	0	0	0	0	0	0	0	0	0	0	0	0	0	0	0	0	0	0	0	0	0	0	0	0	0	0	0	0	0	0	0	0	0	0
28	-0.6822291698568145	-0.660018481602125	-0.17360067714471122	-0.2826466707397135	-0.41645779262769506	-0.36042280433566076	-0.5123121639821444	-0.5436023263967859	-0.44519857574458316	-0.20396859866546155	0	0	0	0	0	0	0	0	0	0	0	0	0	0	0	0	0	0	0	0	0	0	0	0	0	0	1	0	0	0	0	0	0	0	0
29	1.5057392838013444	1.073103725527178	0.5454206487834465	1.6115512298954453	1.80520702533069	2.1036710295268812	0.11146498446570549	1.4108405253821572	1.414413102204073	2.415011781790484	0	0	0	0	0	1	0	0	0	0	0	0	0	0	0	0	0	0	0	0	0	0	0	0	0	0	0	0	0	0	0	0	0	0	0
54	1.9162774506436548	1.9591424034778133	1.3228783368895114	1.531229128715774	0.48712253655939003	1.1443952725105573	0.7162713579426577	1.8195591007015433	1.9957481915805622	0.2827348115455752	0	0	0	0	0	0	0	0	0	0	0	0	0	0	0	0	1	0	0	0	0	0	0	0	0	0	0	0	0	0	0	0	0	0	0
30	-0.5587148216664345	-0.648942998127742	-0.35399118647651057	-0.30604145749107403	-0.5472009270759871	-0.4867396502023141	-0.5303795687163327	-0.5984638801309317	-0.7540328419758431	-0.5074139509311555	0	0	0	0	0	1	0	0	0	0	0	0	0	0	0	0	0	0	0	0	0	0	0	0	0	0	0	0	0	0	0	0	0	0	0
8	-0.0717153916586508	0.38718757656194486	1.421966081452049	0.8652575325270438	1.5146667265567078	0.8350105340835368	-0.2873729750415005	-0.0004729444287427435	1.1336546783574728	1.6405204466472305	0	0	0	0	0	0	0	0	1	0	0	0	0	0	0	0	0	0	0	0	0	0	0	0	0	0	0	0	0	0	0	0	0	0	0
38	-0.10818153255295344	-0.1986673079105873	-0.8722963118805537	-0.5680630691063121	-0.20048950387236816	-0.3219785468979836	-0.3280246356934241	-0.37215997097758036	-0.07195502404263268	-0.25072035352035044	0	0	0	0	0	0	0	0	0	0	0	0	0	0	0	0	0	0	0	0	0	0	0	0	0	0	0	0	1	0	0	0	0	0	0
17	0.7893560642971408	0.6201546427472412	0.7626514734013176	0.8527803129263182	-0.28280925519166317	0.3443885820217528	0.3074963258316482	0.7813041962828345	0.21540948036506372	-0.2533666792668536	0	0	0	0	0	0	0	0	0	0	0	0	0	0	0	0	0	0	0	0	0	0	0	1	0	0	0	0	0	0	0	0	0	0	0
56	-1.0174824006592742	-1.0045042089777598	-1.0920678478974641	-1.1240791675636477	-0.6566377729475205	-1.2483020832534415	-0.6442042185417188	-1.0236409215705613	-1.0678216686279254	-0.7852781543139857	0	0	0	0	0	0	0	0	0	0	0	0	0	0	0	0	0	0	0	0	0	1	0	0	0	0	0	0	0	0	0	0	0	0	0
57	-0.324625723667524	-0.442327944347012	-0.4708639108323242	-0.48852079415168626	-0.24697595167620534	-0.5361679811936132	-0.31763587797126586	-0.33101380567697103	-0.569062586265142	-0.3892114009206817	0	0	0	0	0	0	0	0	0	0	0	0	0	0	0	0	0	0	0	0	0	0	0	0	0	0	0	0	0	0	1	0	0	0	0
36	-0.7351638905098344	-0.6970640642578196	-0.9091366271666254	-0.85191981502282	-0.08524185202535517	-0.7833096361501088	-0.6017458174163763	-0.7781354686102591	-0.7176993988898125	-0.25711564074106635	0	0	0	0	0	0	0	0	0	0	0	0	0	0	0	0	0	0	1	0	0	0	0	0	0	0	0	0	0	0	0	0	0	0	0
18	-0.0893602985429908	-0.0825656880411937	0.40441116613675837	0.33965465684647694	-0.026165324607978758	0.6153290630110962	-0.18574382341169152	0.4027594755172287	-0.43528945490293847	-0.01431525349940281	0	0	0	0	0	0	0	1	0	0	0	0	0	0	0	0	0	0	0	0	0	0	0	0	0	0	0	0	0	0	0	0	0	0	0
47	-0.6716422257262105	-0.6833151882206546	-0.604251259281894	-0.7177897043150195	-0.5268631061618083	-0.5325066233424058	-0.5335413645448157	-0.6519538950217237	-0.4980472202333549	-0.5594583572790507	0	0	0	0	1	0	0	0	0	0	0	0	0	0	0	0	0	0	0	0	0	0	0	0	0	0	0	0	0	0	0	0	0	0	0
37	-0.9480791002475369	-0.8169848163597591	-0.9790061906402096	-1.0000867977814367	-0.2963678024677823	-0.7357119840844134	-0.574644710315094	-1.1278778736654385	-0.44354705560430907	-0.6073127478616492	0	0	0	0	0	0	0	0	0	1	0	0	0	0	0	0	0	0	0	0	0	0	0	0	0	0	0	0	0	0	0	0	0	0	0
32	2.309170710601625	2.2089136514863115	2.0711178439066225	2.0006845161930755	0.48518560123423016	1.440965258458352	1.131821666828988	2.1693015057567226	2.190627568132908	0.4503354421574411	1	0	0	0	0	0	0	0	0	0	0	0	0	0	0	0	0	0	0	0	0	0	0	0	0	0	0	0	0	0	0	0	0	0	0
0	-1.279803349673129	-1.1882044693632148	-1.269917645830224	-1.4726614901589197	-0.9065024298931452	-1.3544814609384543	-0.6785322875366765	-1.4200156472997645	-1.132230954098616	-0.9758136080622122	0	0	0	0	0	0	0	0	0	0	0	0	0	0	0	0	0	0	0	0	0	0	0	0	0	1	0	0	0	0	0	0	0	0	0
20	-0.6587026273443611	-0.6504706510207604	-0.17360067714471122	-0.5134752333531375	-0.4406694841921936	-0.4849089712767104	-0.5141189044555633	-0.3968476701579459	-0.8564270906728384	-0.5901116305093788	0	0	0	0	0	0	0	0	0	0	0	0	0	0	0	0	0	0	0	0	0	0	0	0	0	0	0	0	0	0	0	1	0	0	0
35	-0.41637923946609195	-0.3907696592076431	-0.28539197870244604	-0.5165945382533189	-0.08814725501309499	-0.4666021820206737	-0.4739189289219944	-0.25420763044916694	-0.46336529728759845	-0.11333194184772882	0	0	0	0	0	0	0	0	0	0	0	0	0	0	1	0	0	0	0	0	0	0	0	0	0	0	0	0	0	0	0	0	0	0	0
3	-0.6775238613543239	-0.5767613989326256	-0.3793983004669048	-0.4604470500500536	-0.2644083696026443	-0.5416600179704242	-0.5032784616150503	-0.5614323313603833	-0.7688965232383101	-0.3362848859906188	0	1	0	0	0	0	0	0	0	0	0	0	0	0	0	0	0	0	0	0	0	0	0	0	0	0	0	0	0	0	0	0	0	0	0
45	2.1680114555269054	1.7334316885343541	1.9072419586685796	1.9671519885161255	0.3602532727614178	1.1919929245762528	0.9814105224168705	1.519192094007095	1.8917024227432926	0.3177986276867419	0	0	0	0	0	0	0	0	0	0	0	0	0	0	0	0	0	0	0	0	0	0	0	0	0	0	0	0	0	1	0	0	0	0	0
10	-0.6422340475856438	-0.49350431626312624	0.6470491047450236	0.3544713551223386	0.6275503476334815	0.21807173615509948	-0.5398649562017815	-0.5847484916973952	-0.12975822895222677	1.1972608841079537	0	0	0	0	0	0	0	0	0	0	0	0	1	0	0	0	0	0	0	0	0	0	0	0	0	0	0	0	0	0	0	0	0	0	0
19	-0.7880986111628544	-0.828060299834142	-0.4645121323347256	-0.7949925005945094	-0.3496335239096791	-0.6368553221018152	-0.6261368138075305	-0.7987085512605637	-0.41381969307937494	-0.3585581276903536	0	0	0	0	0	0	0	1	0	0	0	0	0	0	0	0	0	0	0	0	0	0	0	0	0	0	0	0	0	0	0	0	0	0	0
55	0.15413941646090107	0.0022190475213239897	0.013141610684686646	0.10258748443269011	-0.12204362320339293	0.005712980785073577	-0.03036414269767241	0.3286963779761319	0.23192468176780487	-0.25557195072227284	0	0	0	0	0	0	0	0	0	0	0	0	0	1	0	0	0	0	0	0	0	0	0	0	0	0	0	0	0	0	0	0	0	0	0
13	-0.6763475342287012	-0.6909534526857463	-0.7693975002194569	-0.8324241593966862	-0.5220207678489086	-0.7119131580515656	-0.5213458663492386	-0.6876139049489185	-0.5013502605139032	-0.5393903870347352	0	0	0	0	0	0	0	0	0	0	0	0	0	0	0	0	0	0	0	0	0	0	0	0	0	0	0	0	0	0	0	0	1	0	0
22	-0.4316714920991866	-0.41177488648664523	-0.019887637502825906	-0.23195796611176564	-0.302178608443262	0.5622393741685897	-0.4703054479751567	-0.38998997594117774	-0.35931952845032905	-0.2751988666755045	0	0	0	0	0	0	0	0	0	0	0	0	0	0	0	1	0	0	0	0	0	0	0	0	0	0	0	0	0	0	0	0	0	0	0
44	0.3470570650630183	0.242824378171712	-0.2371184621206969	0.01758642590274681	-0.2460074840136254	0.10640032169327551	0.044615586949208905	0.10787862419619515	0.35744021242863777	-0.21345126592376448	0	0	0	0	0	0	0	0	0	0	0	0	0	0	0	0	0	0	0	0	0	0	0	0	0	0	0	0	0	1	0	0	0	0	0
24	0.5764408545594382	0.8928406841510143	-0.2269556165245392	0.22424037553976495	0.34669472548529856	0.40480098656667396	3.4851011334570097	0.5111110441421666	1.2261398062128235	-0.2648340908350339	0	0	0	0	0	0	0	0	0	0	0	0	0	0	0	0	0	0	0	1	0	0	0	0	0	0	0	0	0	0	0	0	0	0	0
21	0.7870034100458954	0.7015021593004677	1.0192633247042997	1.058654436338291	0.14331651634351095	1.6807841977124331	0.11778857612267138	1.3107181898173412	0.26165204429273897	0.12285263102767688	0	0	0	0	0	0	0	0	0	0	0	0	0	0	0	0	0	1	0	0	0	0	0	0	0	0	0	0	0	0	0	0	0	0	0
23	0.28353540027939433	0.35052390712950476	1.5070799133198698	1.0438377380624293	0.21401465571184664	2.0762108456428265	-0.24265614832438456	0.463107184624789	0.44827382014371425	0.9449778296079873	0	0	0	0	0	0	0	0	0	0	0	0	0	0	0	0	0	0	0	1	0	0	0	0	0	0	0	0	0	0	0	0	0	0	0
43	1.309292653822359	1.2338891925173578	1.2288720151250525	1.0290210397865676	0.7747574323456325	0.8935922597028543	0.4077704221063931	1.056983503796917	1.7496716906797185	0.6474867102719254	0	0	0	1	0	0	0	0	0	0	0	0	0	0	0	0	0	0	0	0	0	0	0	0	0	0	0	0	0	0	0	0	0	0	0
51	-0.891615398217649	-0.8475378742201258	-0.853240976387758	-0.8230662446961421	-0.6944080117881382	-0.6807916163163032	-0.5073436276802427	-0.9687793678364156	-0.8878059733380466	-0.6379660210919773	0	0	0	0	0	0	0	0	0	0	0	0	0	0	0	0	0	0	0	0	1	0	0	0	0	0	0	0	0	0	0	0	0	0	0
9	-1.0315983261667463	-0.9670767130988106	-0.6283880175727686	-1.0266008894329788	-0.680849464512019	-0.9517320973056467	-0.5963255959961199	-1.0593009314977562	-0.9423061379670924	-0.6617829528105057	0	0	0	0	0	0	0	0	1	0	0	0	0	0	0	0	0	0	0	0	0	0	0	0	0	0	0	0	0	0	0	0	0	0	0
48	-0.5892993269326239	-0.669184398960235	-0.7236646950367471	-0.4931997515019584	-0.648890031646881	-0.8144311778853713	-0.42287851054791253	-0.7383608421530033	-0.9241394164240772	-0.7255152978721231	0	0	0	0	0	0	0	0	0	0	1	0	0	0	0	0	0	0	0	0	0	0	0	0	0	0	0	0	0	0	0	0	0	0	0
7	-0.6022389253144732	-0.6668929196207075	-0.3019066027962023	-0.25301327418799013	-0.219858857123967	-0.6112258171433638	-0.32305609939152236	-0.597092341287578	-0.7688965232383101	-0.46066219607626663	0	0	0	0	0	0	1	0	0	0	0	0	0	0	0	0	0	0	0	0	0	0	0	0	0	0	0	0	0	0	0	0	0	0	0
1	0.32117786829931966	0.34823242778997726	-0.11008289216872556	0.2725896014925767	0.0077310435823191815	-0.3073331154931543	-0.04210795577489478	0.46585026231149634	0.0419998656362814	0.028467012735731368	0	0	0	0	0	0	0	0	0	0	0	0	0	0	0	0	0	0	0	0	0	0	0	0	0	0	0	0	0	0	0	0	0	0	1
53	2.1350742960094706	2.3192865730068863	1.9440822739546513	1.7308646423273841	0.07842918295065489	1.0528613262303737	1.5234326644425187	1.916938358579652	1.855368979657262	0.3116238676115679	0	0	1	0	0	0	0	0	0	0	0	0	0	0	0	0	0	0	0	0	0	0	0	0	0	0	0	0	0	0	0	0	0	0	0
6	-0.944550118870669	-0.909789729610623	-0.30444731419524174	-0.6647615210119356	-0.3757821507993375	-0.6222098906969857	-0.5845817829188975	-0.986609372800013	-0.8068814864646149	-0.3453264989578379	0	0	0	0	0	0	1	0	0	0	0	0	0	0	0	0	0	0	0	0	0	0	0	0	0	0	0	0	0	0	0	0	0	0	0
