39	12.303030303030308
5	29.926515151515154
34	94.405303030303
40	12.303030303030308
33	94.405303030303
2	29.926515151515154
49	4.082575757575759
46	45.33106060606063
52	14.470454545454544
31	16.920454545454554
28	52.921212121212164
29	36.14318181818183
54	49.70454545454547
30	36.14318181818183
8	63.97878787878789
38	12.303030303030308
17	65.45833333333331
56	83.27575757575758
57	45.467424242424215
36	48.3727272727273
18	27.785606060606064
47	42.78787878787881
37	62.709848484848465
32	16.920454545454554
0	11.911363636363642
20	13.70984848484849
35	94.405303030303
3	29.926515151515154
45	11.651515151515145
10	45.06515151515152
19	27.785606060606064
55	11.943939393939399
13	6.437121212121214
22	19.812121212121212
44	11.651515151515145
24	54.467424242424215
21	38.1424242424242
23	54.467424242424215
43	95.76439393939394
51	97.16212121212124
9	63.97878787878789
48	4.082575757575759
7	17.13030303030304
1	30.911363636363625
53	28.288636363636364
6	17.13030303030304
